Vf =   [         1  2.55633e-17 -6.14081e-18  2.55633e-17  1.89833e-17    5.419e-18 -6.14081e-18    5.419e-18  1.90396e-17  2.55633e-17  1.89833e-17    5.419e-18  1.89833e-17  1.68218e-16 -6.15939e-17    5.419e-18 -6.15939e-17 -1.47253e-17 -6.14081e-18    5.419e-18  1.90396e-17    5.419e-18 -6.15939e-17 -1.47253e-17  1.90396e-17 -1.47253e-17  -1.6213e-17
 8.12913e-19  1.29468e-18  2.78356e-20  4.20988e-18 -5.08692e-18 -2.28914e-18 -1.50657e-19  7.41747e-19  1.64519e-19            1  9.51223e-18  1.17037e-19  3.28339e-17 -4.74568e-17 -1.91583e-17            0  5.08879e-18           -0  2.93314e-19  1.15108e-19 -1.19611e-19  3.03031e-18 -1.45235e-17 -3.46871e-18  3.57349e-19 -4.37822e-19 -5.88179e-19
-1.21605e-17 -2.16312e-17  3.90464e-17 -1.99645e-17 -2.71761e-19  6.27987e-18 -4.36906e-19  7.94657e-18 -7.69427e-18 -2.08749e-17 -2.47916e-17  3.17101e-17  7.19438e-19  5.93916e-17 -3.21983e-17  6.19908e-18 -6.68726e-18 -1.34682e-17            1  3.24664e-17  -9.6961e-17  5.28867e-18 -3.12071e-17  1.19621e-17            0 -1.52157e-17  2.46716e-17
  3.1199e-17            1  2.07765e-17 -2.11051e-17 -1.76799e-16 -2.15127e-17  2.43387e-17  1.90595e-16  2.42121e-17 -1.45488e-17  -2.9142e-17 -6.19987e-18  1.43954e-17  5.14952e-17  1.11346e-17  1.26814e-19 -3.19007e-17 -8.86069e-19 -8.11986e-18 -5.40528e-17 -7.07624e-18  1.60944e-17  1.20797e-16  1.56868e-17 -8.38132e-18  -7.1165e-17 -8.50793e-18
 1.45575e-19  1.08816e-19  1.15318e-19  8.31374e-19 -1.67144e-18  6.63795e-19 -2.10386e-20 -3.26448e-19 -1.40561e-20            0            1 -2.35823e-35  6.65099e-18 -1.33715e-17  5.31036e-18            0 -2.61159e-18           -0  9.93878e-20  -3.6272e-20  7.84403e-20  8.31374e-19 -1.67144e-18  6.63795e-19  1.17524e-19  1.08816e-19  9.65763e-20
 3.24966e-18  -8.7362e-17 -1.62645e-17  4.48737e-18  4.14557e-17  4.97447e-18  6.88649e-18  6.10243e-17  5.61814e-18  2.40708e-17  1.55351e-16  2.55214e-17 -1.47896e-17 -7.38626e-17 -1.08928e-17 -1.58396e-17 -1.04524e-16 -2.63211e-17 -6.00531e-17            1 -5.55024e-17 -4.17394e-19  2.21761e-18   6.9703e-20  1.99481e-17  1.52884e-16  1.85124e-17
 9.30425e-17  7.16619e-18            1 -8.55055e-17  1.70144e-17  9.92321e-17   1.9724e-17  6.56043e-18 -2.63331e-17 -8.55055e-17  1.70144e-17  9.92321e-17  7.73406e-17  1.02132e-16  -1.1628e-16 -6.76936e-17 -5.59541e-17  8.75757e-17   1.9724e-17  6.56043e-18 -2.63331e-17 -6.76936e-17 -5.59541e-17  8.75757e-17   5.0763e-17  1.33217e-17 -6.90398e-17
 1.04958e-17  2.30189e-18 -3.92116e-17 -1.40924e-18 -3.81289e-18  4.43222e-18 -2.46892e-18 -3.77888e-18  7.60887e-18  5.40528e-17  1.91693e-17            1 -1.05198e-17 -2.44696e-17  3.62119e-17  -2.2147e-17 -2.94768e-17  5.23379e-17  9.51401e-18  2.04598e-18 -2.69778e-17 -1.66516e-18 -5.86024e-18   4.1763e-18 -3.74588e-18 -4.03479e-18  3.26322e-18
 5.60829e-17  1.98074e-17 -1.50267e-16 -1.22158e-17 -3.86954e-17  2.42406e-17   -2.067e-17 -7.78251e-18  5.62042e-17  1.31985e-17  1.07629e-17 -2.52006e-17  4.06703e-19 -1.49562e-18  2.04486e-19 -1.32494e-17 -1.01517e-17  2.53519e-17 -1.57009e-16 -3.18094e-17            1   1.2165e-17  3.93066e-17 -2.40892e-17  5.36892e-17  1.98851e-17 -1.48481e-16
-9.29301e-19 -7.91308e-18   2.7879e-18 -5.73977e-18  1.51066e-17  4.58958e-18            1  6.76289e-18           -0  5.20616e-18  2.87916e-17  1.01751e-17 -4.78052e-18 -5.81259e-17  3.49937e-17 -1.66857e-17  1.42157e-18 -9.95931e-19  -1.3894e-17  2.32943e-17 -8.82438e-18 -5.73977e-18  1.51066e-17  4.58958e-18   5.1015e-18 -2.44445e-17  4.81072e-18
-2.32265e-17  2.05405e-18  1.32711e-17 -8.52149e-18 -2.27388e-18  8.27153e-18 -2.62908e-18  -2.7704e-18 -1.00756e-17 -1.17871e-16  1.87629e-17  9.98126e-17 -6.58414e-17  4.52865e-19  6.85027e-17            1 -1.98327e-17 -5.09615e-17 -1.46571e-17  2.95958e-18  1.25534e-17 -7.61596e-18  4.97035e-18  9.17706e-18  3.50657e-18 -1.86487e-18 -2.76474e-18
 1.90649e-18 -8.28695e-18 -5.71947e-18 -7.96597e-18  3.94822e-17 -8.39073e-18            0 -8.06975e-18           -0  1.74382e-17 -6.74391e-20 -2.22159e-17 -5.64289e-19  2.98882e-17  1.88354e-18 -2.07748e-17   1.3867e-18  1.64315e-17  5.90429e-18   3.5092e-18 -3.72723e-20  4.62933e-18 -3.81629e-17  2.60626e-18            1   3.7264e-18           -0
-8.84527e-18 -5.40528e-17 -9.06366e-18 -8.47239e-18 -6.67826e-17 -8.42875e-18  2.53111e-17            1   3.9941e-17  5.51157e-18  4.75005e-17  1.09275e-17 -8.32638e-19  1.31089e-18 -4.83522e-19 -7.40027e-18  -5.0571e-17 -1.14883e-17  3.32385e-18  2.70168e-17  4.00084e-18  3.76779e-18  3.11388e-17  3.81143e-18 -6.88001e-18 -5.39612e-17 -7.39102e-18
-5.29086e-19  -8.9218e-18 -1.35457e-18   1.4674e-18  6.84048e-18  2.16168e-18  4.93025e-18  2.95209e-17   2.4548e-18 -6.36585e-18 -5.58255e-17 -5.67156e-18  1.17392e-17  5.47239e-17  1.72935e-17  2.68223e-17            1  1.60364e-17 -7.14747e-19 -6.33032e-18 -6.27962e-19   1.4674e-18  6.84048e-18  2.16168e-18  2.32889e-18  1.71606e-17 -7.10174e-19
 4.64444e-18   1.0375e-17  1.02727e-18 -1.86857e-17 -1.46334e-16 -1.89206e-17  5.14204e-18  8.59928e-17  1.12543e-17 -3.16985e-18   1.2799e-17  8.36661e-18  5.21991e-18  6.69727e-17   3.3406e-18 -1.35813e-17 -8.64888e-17 -1.55601e-17  7.41852e-18  6.41178e-17  8.86057e-18 -8.02228e-18 -6.10265e-17 -8.25719e-18 -3.80988e-18            1 -4.32972e-18
 2.32606e-17  2.93712e-18           -0 -8.98465e-18  2.78758e-17 -4.93477e-18 -1.14938e-17 -1.68565e-17            1 -2.96046e-17 -6.66221e-19  4.42272e-17  1.58102e-17 -5.14335e-17  7.71048e-18  2.77507e-17  2.41869e-17 -3.79813e-17 -4.32103e-17  1.16855e-17 -2.77898e-17  7.13079e-18 -4.35508e-18  1.11807e-17  2.91013e-17  6.62598e-18  9.63092e-18
 1.35566e-18 -1.43798e-18 -4.62825e-19  1.22733e-17 -1.79829e-17  1.56996e-18 -6.50576e-18  -1.6777e-18  2.71279e-18  2.53944e-17 -8.30279e-18 -1.71838e-17  1.01388e-16 -1.18255e-16  1.57607e-17  -5.1646e-17 -1.02205e-17            1  3.00903e-18 -2.36002e-18 -2.31324e-18  1.13513e-17 -2.53592e-17  6.47924e-19 -6.62102e-18 -2.59973e-18  2.81796e-18
-4.81743e-18 -1.23105e-16  1.64477e-17 -8.62576e-17  2.66977e-16 -9.67626e-17  1.20285e-17  -5.9915e-17  9.86865e-17 -7.19186e-18 -4.28191e-18  2.07319e-17 -4.71398e-17  1.09177e-16 -3.37358e-17  2.46452e-17 -7.65936e-17  1.99139e-17  -7.2256e-17  1.36645e-16 -6.24489e-17  1.03711e-16 -3.47853e-16  1.37408e-16 -5.10475e-17  1.04474e-16            1
           1  2.55633e-17 -6.14081e-18  2.55633e-17  1.89833e-17    5.419e-18 -6.14081e-18    5.419e-18  1.90396e-17  2.55633e-17  1.89833e-17    5.419e-18  1.89833e-17  1.68218e-16 -6.15939e-17    5.419e-18 -6.15939e-17 -1.47253e-17 -6.14081e-18    5.419e-18  1.90396e-17    5.419e-18 -6.15939e-17 -1.47253e-17  1.90396e-17 -1.47253e-17  -1.6213e-17
 8.12913e-19  1.29468e-18  2.78356e-20  4.20988e-18 -5.08692e-18 -2.28914e-18 -1.50657e-19  7.41747e-19  1.64519e-19            1  9.51223e-18  1.17037e-19  3.28339e-17 -4.74568e-17 -1.91583e-17            0  5.08879e-18           -0  2.93314e-19  1.15108e-19 -1.19611e-19  3.03031e-18 -1.45235e-17 -3.46871e-18  3.57349e-19 -4.37822e-19 -5.88179e-19
-1.21605e-17 -2.16312e-17  3.90464e-17 -1.99645e-17 -2.71761e-19  6.27987e-18 -4.36906e-19  7.94657e-18 -7.69427e-18 -2.08749e-17 -2.47916e-17  3.17101e-17  7.19438e-19  5.93916e-17 -3.21983e-17  6.19908e-18 -6.68726e-18 -1.34682e-17            1  3.24664e-17  -9.6961e-17  5.28867e-18 -3.12071e-17  1.19621e-17            0 -1.52157e-17  2.46716e-17
 3.97785e-17  7.82069e-19 -6.88641e-19            1   6.9468e-18  1.04113e-18  2.83094e-17  1.08575e-18  3.81418e-18  2.54553e-18  3.32521e-18  2.85199e-18  3.54458e-18  2.81549e-17  3.19146e-18  2.84954e-18  3.09619e-18    2.777e-18 -6.45571e-18  1.12636e-18 -5.88172e-19 -5.40528e-17  6.76744e-18 -7.46314e-18 -6.42346e-18  1.05169e-18 -6.03301e-19
