%------------------------------------------------------
% output of mesh3d
% description: c++ codes will read mesh files and
%              write information to matlab script
% output:
% VX,VY,VZ: coordinates of vertices
% EToV: elements to vertices table
% EToE: elements to elements table
% EToV: elements to faces table
%------------------------------------------------------
VX = [ ...
-1; ...
1; ...
-0.5; ...
0; ...
0.5; ...
1; ...
1; ...
1; ...
1; ...
-1; ...
0.5; ...
0; ...
-0.5; ...
-1; ...
-1; ...
-1; ...
-0.588646; ...
0.211667; ...
0.588648; ...
0.626762; ...
-0.626772; ...
0.188415; ...
-0.626379; ...
0.626387; ...
-0.188414; ...
0.343943; ...
-0.211677; ...
0.718062; ...
-0.718064; ...
0.15189; ...
-0.151889; ...
-0.343943; ...
-1; ...
1; ...
-0.5; ...
0; ...
0.5; ...
1; ...
1; ...
1; ...
1; ...
-1; ...
0.5; ...
0; ...
-0.5; ...
-1; ...
-1; ...
-1; ...
-0.588646; ...
0.211667; ...
0.588648; ...
0.626762; ...
-0.626772; ...
0.188415; ...
-0.626379; ...
0.626387; ...
-0.188414; ...
0.343943; ...
-0.211677; ...
0.718062; ...
-0.718064; ...
0.15189; ...
-0.151889; ...
-0.343943; ...
-1; ...
1; ...
-0.5; ...
0; ...
0.5; ...
1; ...
1; ...
1; ...
1; ...
-1; ...
0.5; ...
0; ...
-0.5; ...
-1; ...
-1; ...
-1; ...
-0.588646; ...
0.211667; ...
0.588648; ...
0.626762; ...
-0.626772; ...
0.188415; ...
-0.626379; ...
0.626387; ...
-0.188414; ...
0.343943; ...
-0.211677; ...
0.718062; ...
-0.718064; ...
0.15189; ...
-0.151889; ...
-0.343943; ...
-1; ...
1; ...
-0.5; ...
0; ...
0.5; ...
1; ...
1; ...
1; ...
1; ...
-1; ...
0.5; ...
0; ...
-0.5; ...
-1; ...
-1; ...
-1; ...
-0.588646; ...
0.211667; ...
0.588648; ...
0.626762; ...
-0.626772; ...
0.188415; ...
-0.626379; ...
0.626387; ...
-0.188414; ...
0.343943; ...
-0.211677; ...
0.718062; ...
-0.718064; ...
0.15189; ...
-0.151889; ...
-0.343943; ...
-1; ...
1; ...
-0.5; ...
0; ...
0.5; ...
1; ...
1; ...
1; ...
1; ...
-1; ...
0.5; ...
0; ...
-0.5; ...
-1; ...
-1; ...
-1; ...
-0.588646; ...
0.211667; ...
0.588648; ...
0.626762; ...
-0.626772; ...
0.188415; ...
-0.626379; ...
0.626387; ...
-0.188414; ...
0.343943; ...
-0.211677; ...
0.718062; ...
-0.718064; ...
0.15189; ...
-0.151889; ...
-0.343943; ...
];
VY = [ ...
-1; ...
-1; ...
-1; ...
-1; ...
-1; ...
1; ...
-0.5; ...
0; ...
0.5; ...
1; ...
1; ...
1; ...
1; ...
0.5; ...
0; ...
-0.5; ...
-0.598992; ...
0.685733; ...
0.599003; ...
-0.606914; ...
0.606902; ...
-0.620334; ...
-0.163523; ...
0.163515; ...
0.62033; ...
-0.209402; ...
-0.685741; ...
-0.230386; ...
0.230388; ...
0.248404; ...
-0.2484; ...
0.209398; ...
-1; ...
-1; ...
-1; ...
-1; ...
-1; ...
1; ...
-0.5; ...
0; ...
0.5; ...
1; ...
1; ...
1; ...
1; ...
0.5; ...
0; ...
-0.5; ...
-0.598992; ...
0.685733; ...
0.599003; ...
-0.606914; ...
0.606902; ...
-0.620334; ...
-0.163523; ...
0.163515; ...
0.62033; ...
-0.209402; ...
-0.685741; ...
-0.230386; ...
0.230388; ...
0.248404; ...
-0.2484; ...
0.209398; ...
-1; ...
-1; ...
-1; ...
-1; ...
-1; ...
1; ...
-0.5; ...
0; ...
0.5; ...
1; ...
1; ...
1; ...
1; ...
0.5; ...
0; ...
-0.5; ...
-0.598992; ...
0.685733; ...
0.599003; ...
-0.606914; ...
0.606902; ...
-0.620334; ...
-0.163523; ...
0.163515; ...
0.62033; ...
-0.209402; ...
-0.685741; ...
-0.230386; ...
0.230388; ...
0.248404; ...
-0.2484; ...
0.209398; ...
-1; ...
-1; ...
-1; ...
-1; ...
-1; ...
1; ...
-0.5; ...
0; ...
0.5; ...
1; ...
1; ...
1; ...
1; ...
0.5; ...
0; ...
-0.5; ...
-0.598992; ...
0.685733; ...
0.599003; ...
-0.606914; ...
0.606902; ...
-0.620334; ...
-0.163523; ...
0.163515; ...
0.62033; ...
-0.209402; ...
-0.685741; ...
-0.230386; ...
0.230388; ...
0.248404; ...
-0.2484; ...
0.209398; ...
-1; ...
-1; ...
-1; ...
-1; ...
-1; ...
1; ...
-0.5; ...
0; ...
0.5; ...
1; ...
1; ...
1; ...
1; ...
0.5; ...
0; ...
-0.5; ...
-0.598992; ...
0.685733; ...
0.599003; ...
-0.606914; ...
0.606902; ...
-0.620334; ...
-0.163523; ...
0.163515; ...
0.62033; ...
-0.209402; ...
-0.685741; ...
-0.230386; ...
0.230388; ...
0.248404; ...
-0.2484; ...
0.209398; ...
];
VZ = [ ...
-1; ...
-1; ...
-1; ...
-1; ...
-1; ...
-1; ...
-1; ...
-1; ...
-1; ...
-1; ...
-1; ...
-1; ...
-1; ...
-1; ...
-1; ...
-1; ...
-1; ...
-1; ...
-1; ...
-1; ...
-1; ...
-1; ...
-1; ...
-1; ...
-1; ...
-1; ...
-1; ...
-1; ...
-1; ...
-1; ...
-1; ...
-1; ...
-0.625; ...
-0.375; ...
-0.625; ...
-0.375; ...
-0.625; ...
-0.375; ...
-0.625; ...
-0.375; ...
-0.625; ...
-0.375; ...
-0.625; ...
-0.375; ...
-0.625; ...
-0.375; ...
-0.625; ...
-0.375; ...
-0.625; ...
-0.375; ...
-0.625; ...
-0.375; ...
-0.625; ...
-0.375; ...
-0.625; ...
-0.375; ...
-0.625; ...
-0.375; ...
-0.625; ...
-0.375; ...
-0.625; ...
-0.375; ...
-0.625; ...
-0.375; ...
-0; ...
-0; ...
-0; ...
-0; ...
-0; ...
-0; ...
-0; ...
-0; ...
-0; ...
-0; ...
-0; ...
-0; ...
-0; ...
-0; ...
-0; ...
-0; ...
-0; ...
-0; ...
-0; ...
-0; ...
-0; ...
-0; ...
-0; ...
-0; ...
-0; ...
-0; ...
-0; ...
-0; ...
-0; ...
-0; ...
-0; ...
-0; ...
0.375; ...
0.625; ...
0.375; ...
0.625; ...
0.375; ...
0.625; ...
0.375; ...
0.625; ...
0.375; ...
0.625; ...
0.375; ...
0.625; ...
0.375; ...
0.625; ...
0.375; ...
0.625; ...
0.375; ...
0.625; ...
0.375; ...
0.625; ...
0.375; ...
0.625; ...
0.375; ...
0.625; ...
0.375; ...
0.625; ...
0.375; ...
0.625; ...
0.375; ...
0.625; ...
0.375; ...
0.625; ...
1; ...
1; ...
1; ...
1; ...
1; ...
1; ...
1; ...
1; ...
1; ...
1; ...
1; ...
1; ...
1; ...
1; ...
1; ...
1; ...
1; ...
1; ...
1; ...
1; ...
1; ...
1; ...
1; ...
1; ...
1; ...
1; ...
1; ...
1; ...
1; ...
1; ...
1; ...
1; ...
];
